
Humano: 46.651875257492065 com 78 passos para um 3-puzzle
BFS: 1.8385334014892578 com 16 passos para um 3-puzzle
A* Manhattan: 2.674034595489502 com 23 passos para um 3-puzzle
A* WrngPcs: 2.3233132362365723 com 20 passos para um 3-puzzle
BFS: 3.3655285835266113 com 28 passos para um 3-puzzle